2.421207628097948827e+01
2.742943877700242439e+01
2.523715698841089505e+01
2.316603656874730888e+01
2.575826434165285050e+01
2.494219146744616467e+01
2.444090943544133410e+01
2.414494546922259133e+01
2.642443913757571039e+01
2.429110862363902257e+01
2.469769366134310218e+01
2.618224292157447053e+01
2.752990055552646353e+01
2.807964154836109572e+01
2.451626309327557962e+01
2.784569924708064192e+01
2.692511566400389711e+01
2.567182853080437610e+01
2.601606718117702144e+01
2.520754282937614121e+01
2.526863195533059425e+01
2.767322907239925200e+01
2.632117760787718552e+01
2.597006022639549272e+01
2.414042753989048862e+01
2.606444122696061783e+01
2.727672078907531983e+01
2.374784573547182021e+01
2.686068400749704210e+01
2.503575732371746199e+01
