4.139624956958795066e-01
6.296183027065931359e-01
7.785842640282812921e-01
8.515577942834893221e-01
8.164127137140636536e-01
1.660770885934179653e-01
8.283895525035855911e-01
5.862905888377212271e-02
2.001706815505686077e-01
6.229267200659891479e-01
1.146925254469043365e-01
6.033475950562000589e-01
3.079656913635637761e-01
4.294665851546483060e-01
3.151515034454780428e-01
7.017356786490447362e-02
5.007587529219609257e-01
9.635994443948874277e-01
6.117833481601271384e-01
3.000318716171253008e-01
9.561498341240191046e-01
3.892372519522273588e-01
6.975177338688435258e-01
6.341128049224442620e-01
9.529108480388515101e-01
9.146026944948369986e-01
1.480040563500312212e-01
8.568587472942246208e-02
8.096423277988296086e-01
9.049432132968230347e-01
4.929736039228994615e-01
6.907612738337750580e-01
6.978828017841820497e-02
2.198043978564718781e-01
1.493761946567211396e-01
6.011605835500339889e-01
1.975398937661071441e-01
5.984631555085062615e-02
3.022072827360107183e-01
6.772124291139527408e-01
5.778637242618545056e-01
3.307249654946358142e-01
8.334788758433764322e-01
2.762691080120895926e-01
2.605476383656826211e-01
5.599474107895882069e-01
4.782156398457756419e-01
4.459726606003606708e-01
1.557856189540671732e-01
5.046461916329910702e-01
2.590189172754442382e-01
3.921798826190153742e-01
7.335704476706063071e-01
9.368628255593556275e-01
7.738629651893242922e-01
4.056338946232637133e-01
5.930331393287638919e-01
7.464978158757039628e-01
4.142210500958914965e-01
3.602481588123011003e-01
1.352432959558632630e-01
7.362608014758755814e-01
8.385085908076248540e-01
3.165844110299528280e-01
7.835077656425353254e-01
6.102130583369874683e-01
7.840830464032439995e-01
4.113373831496643929e-01
7.475763636496066677e-01
4.085091178976260062e-01
8.875798541945290054e-02
5.505789181349440842e-01
4.543287263886456318e-01
2.528798872015771693e-01
8.921133349667691448e-01
3.828533055360011650e-01
3.912611143228139632e-02
3.821357402025903349e-01
4.245098079003697400e-01
8.616377231941598769e-01
7.991832081050435077e-01
1.999665859079242658e-01
8.390292259588708612e-01
2.479272282536651995e-01
3.419341481642930169e-01
7.681845397749131887e-02
5.535631313436384371e-02
6.808601208111374481e-01
9.233410845217330243e-01
4.930168542378287055e-01
8.440937119585830706e-01
7.937512496926533156e-01
6.646787233813292728e-01
9.782289311177785329e-01
8.021879208763860181e-01
2.748443942142614338e-01
7.890142462211079399e-01
6.926616462839035870e-01
3.995204466363516671e-01
7.679747022711502780e-02
